COORDS_LAT=48.767102124
COORDS_LNG=7.2589588165
MARGIN_MIN=40